X=[
[ 450883.0, -1.0, 29.0, 3.55,    0,  5.0]
[ 219682.0,    0, 30.0, 3.68,  1.0, 61.0]
[  59096.0, -1.0, 26.0, -1.0,  1.0, 51.0]
[     -1.0,    0, 30.0, 2.52,    0, 51.0]
[ 538746.0,  1.0, -1.0, 2.64,    0,  2.0]
[ 294303.0,    0, 30.0,  2.6,  1.0, 79.0]
[ 651269.0,  1.0, -1.0, 3.72, -1.0, 82.0]
[ 212405.0,    0, 28.0, 3.93,  1.0, 46.0]
[     -1.0,  1.0, 28.0, 3.53,  1.0, 97.0]
[ 520190.0,  1.0, 21.0, 2.81,  1.0, 95.0]
[     -1.0, -1.0, 22.0, 3.77,  1.0, 57.0]
[ 227811.0,    0, 29.0, 3.73,  1.0, 75.0]
[ 286018.0,  1.0, 28.0, 3.16,  1.0, 68.0]
[ 279039.0,  1.0, 30.0, 3.86,  1.0, 56.0]
[ 689638.0, -1.0, 22.0, 2.78,  1.0, 76.0]
[  73362.0,  1.0, 28.0, 3.88,  1.0, -1.0]
[ 890123.0,    0, 23.0, 3.96,  1.0, 60.0]
[ 973013.0,    0, 24.0, 2.68,    0, 11.0]
[ 332118.0,  1.0, 25.0, 3.42,  1.0, 82.0]
[  29333.0,    0, -1.0, 3.74,  1.0, 91.0]
[     -1.0,    0, 30.0, 2.57,  1.0, 42.0]
[ 681478.0,    0, 22.0, 3.69,  1.0, 45.0]
[  69279.0,    0, 28.0, 2.63,  1.0, 55.0]
[ 104823.0,  1.0, 27.0, -1.0,  1.0, 71.0]
[ 326388.0,  1.0, 22.0, 2.72,  1.0, 98.0]
[ 970372.0,    0, 25.0, -1.0,  1.0, 86.0]
[ 558118.0,    0, 23.0, 3.63,    0, -1.0]
[ 406830.0,  1.0, 23.0, 3.29,    0, 22.0]
[ 250085.0,  1.0, 21.0, 2.94,  1.0, 53.0]
[ 635883.0, -1.0, 26.0, -1.0,  1.0, 55.0]
[ 600839.0,    0, 26.0, 3.75, -1.0, -1.0]
[     -1.0,  1.0, 30.0, 3.26,    0, 16.0]
[ 111185.0,    0, 24.0, 3.13, -1.0, 82.0]
[     -1.0,    0, 23.0, 2.95,  1.0, 76.0]
[ 282728.0,    0, 21.0, 2.92,  1.0, 93.0]
[     -1.0,  1.0, 22.0, 3.75,    0, 74.0]
[ 137304.0,    0, 25.0, 2.76,  1.0, 77.0]
[ 214446.0,    0, 30.0, 3.23,  1.0, 65.0]
[  34777.0,    0, 29.0, 3.01,  1.0, 71.0]
[ 366834.0,  1.0, -1.0,  3.7,    0, 16.0]
[ 123694.0,  1.0, 27.0, 2.52,    0, 42.0]
[     -1.0,  1.0, 28.0, 3.78,  1.0, -1.0]
[ 733873.0,    0, 29.0, 3.05,    0, 15.0]
[     -1.0,  1.0, 21.0, 3.53,  1.0, 67.0]
[ 379839.0,  1.0, 24.0, 3.16,  1.0, 60.0]
[ 314062.0,  1.0, 23.0, 2.96,  1.0, 83.0]
[ 143638.0,  1.0, 21.0, 3.19,  1.0, 86.0]
[     -1.0,    0, 27.0, 3.33,    0, 45.0]
[ 901773.0,    0, 24.0, -1.0,  1.0, 96.0]
[ 466757.0,    0, -1.0, 3.55,  1.0, 51.0]
[     -1.0,    0, 24.0, 2.83,  1.0, 72.0]
[ 433423.0, -1.0, 21.0, 3.77,  1.0, 49.0]
[ 858402.0,    0, 27.0, 3.31,  1.0, 41.0]
[ 771485.0,  1.0, 25.0, -1.0,  1.0, 51.0]
[     -1.0,    0, 23.0, 3.87,  1.0, 94.0]
[  68799.0,    0, 28.0, 3.54,  1.0, 71.0]
[ 425497.0,  1.0, 29.0,  3.5,  1.0, 58.0]
[ 703969.0,    0, 26.0, 3.83,    0, 72.0]
[ 939003.0,  1.0, 21.0,  2.5,  1.0, 56.0]
[  22799.0,    0, 24.0, 3.31,    0, -1.0]
];

Y=[
    -1
     1
     1
     1
    -1
    -1
     1
     1
     1
    -1
     1
     1
     1
     1
     1
     1
     1
    -1
     1
     1
    -1
     1
    -1
     1
     1
     1
     1
    -1
    -1
     1
     1
    -1
     1
    -1
     1
     1
    -1
     1
    -1
     1
    -1
     1
    -1
     1
     1
     1
     1
     1
     1
     1
    -1
     1
    -1
     1
     1
     1
     1
     1
    -1
     1
     ];
